TAREFA 0 

[1]
[0, 2, 3]
[7, 5]
[6, 8, 4]
FO -> 18 

+++++++++++++++++++++++++++++


[1]
[2, 3]
[0, 7, 5]
[6, 8, 4]
FO -> 14 

+++++++++++++++++++++++++++++


[1]
[2, 3]
[7, 5]
[0, 6, 8, 4]
FO -> 20 

+++++++++++++++++++++++++++++

TAREFA 1 

[0]
[1, 2, 3]
[7, 5]
[6, 8, 4]
FO -> 17 

+++++++++++++++++++++++++++++


[0]
[2, 3]
[1, 7, 5]
[6, 8, 4]
FO -> 14 

+++++++++++++++++++++++++++++


[0]
[2, 3]
[7, 5]
[1, 6, 8, 4]
FO -> 19 

+++++++++++++++++++++++++++++

TAREFA 2 

[0, 1, 2]
[3]
[7, 5]
[6, 8, 4]
FO -> 17 

+++++++++++++++++++++++++++++


[0, 1]
[3]
[2, 7, 5]
[6, 8, 4]
FO -> 14 

+++++++++++++++++++++++++++++


[0, 1]
[3]
[7, 5]
[2, 6, 8, 4]
FO -> 20 

+++++++++++++++++++++++++++++

TAREFA 3 

[0, 1, 3]
[2]
[7, 5]
[6, 8, 4]
FO -> 17 

+++++++++++++++++++++++++++++


[0, 1]
[2]
[3, 7, 5]
[6, 8, 4]
FO -> 14 

+++++++++++++++++++++++++++++


[0, 1]
[2]
[7, 5]
[3, 6, 8, 4]
FO -> 20 

+++++++++++++++++++++++++++++

TAREFA 4 

[0, 1, 4]
[2, 3]
[7, 5]
[6, 8]
FO -> 18 

+++++++++++++++++++++++++++++


[0, 1]
[2, 3, 4]
[7, 5]
[6, 8]
FO -> 19 

+++++++++++++++++++++++++++++


[0, 1]
[2, 3]
[7, 5, 4]
[6, 8]
FO -> 12 

+++++++++++++++++++++++++++++


[0, 1]
[2, 3]
[7, 5]
[4, 6, 8]
FO -> 14 

+++++++++++++++++++++++++++++

TAREFA 5 

[0, 1, 5]
[2, 3]
[7, 4]
[6, 8]
FO -> 12 

+++++++++++++++++++++++++++++


[0, 1]
[2, 3, 5]
[7, 4]
[6, 8]
FO -> 13 

+++++++++++++++++++++++++++++


[0, 1]
[2, 3]
[7, 4]
[5, 6, 8]
FO -> 12 

+++++++++++++++++++++++++++++

TAREFA 6 

[0, 1, 6]
[2, 3]
[7, 5, 4]
[8]
FO -> 12 

+++++++++++++++++++++++++++++


[0, 1]
[2, 3, 6]
[7, 5, 4]
[8]
FO -> 13 

+++++++++++++++++++++++++++++


[0, 1]
[2, 3]
[7, 5, 4, 6]
[8]
FO -> 13 

+++++++++++++++++++++++++++++

TAREFA 7 

[0, 1, 7]
[2, 3]
[5, 4]
[6, 8]
FO -> 15 

+++++++++++++++++++++++++++++


[0, 1]
[2, 3, 7]
[5, 4]
[6, 8]
FO -> 16 

+++++++++++++++++++++++++++++


[0, 1]
[2, 3]
[5, 4]
[7, 6, 8]
FO -> 12 

+++++++++++++++++++++++++++++

TAREFA 8 

[0, 1, 8]
[2, 3]
[7, 5, 4]
[6]
FO -> 17 

+++++++++++++++++++++++++++++


[0, 1]
[2, 3, 8]
[7, 5, 4]
[6]
FO -> 18 

+++++++++++++++++++++++++++++


[0, 1]
[2, 3]
[7, 5, 4, 8]
[6]
FO -> 18 

+++++++++++++++++++++++++++++

